Epsilon , 	 Path L ,	 Time[s]
0.01 ,	1581 ,	9.736
0.01 ,	1878 ,	11.438
0.01 ,	1791 ,	11.764
0.01 ,	1659 ,	11.528
0.01 ,	1509 ,	10.796
0.01 ,	1675 ,	11.11
0.01 ,	1649 ,	11.367
0.01 ,	1652 ,	10.767
0.01 ,	1811 ,	10.808
0.01 ,	1645 ,	10.738
0.01 ,	1680 ,	10.222
0.01 ,	1709 ,	8.416
0.01 ,	1659 ,	12.135
0.01 ,	1735 ,	10.447
0.01 ,	1743 ,	13.529
0.01 ,	1611 ,	10.059
0.01 ,	1639 ,	9.237
0.01 ,	1469 ,	10.537
0.01 ,	1651 ,	9.017
0.01 ,	1708 ,	10.797
0.01 ,	1640 ,	10.323
0.01 ,	1465 ,	10.628
0.01 ,	1761 ,	9.463
0.01 ,	1412 ,	8.428
0.01 ,	1599 ,	13.733
0.01 ,	1697 ,	13.687
0.01 ,	1489 ,	9.601
0.01 ,	1787 ,	14.629
0.01 ,	1630 ,	11.112
0.01 ,	1701 ,	15.496
0.01 ,	1444 ,	8.48
0.01 ,	1666 ,	14.668
0.01 ,	1568 ,	10.855
0.01 ,	1843 ,	15.816
0.01 ,	1584 ,	9.268
0.01 ,	1621 ,	13.086
0.01 ,	1717 ,	12.972
0.01 ,	1746 ,	14.553
0.01 ,	1663 ,	13.914
0.01 ,	1536 ,	8.979
0.01 ,	1649 ,	10.874
0.01 ,	1780 ,	10.786
0.01 ,	1476 ,	12.291
0.01 ,	1718 ,	9.853
0.01 ,	1747 ,	11.876
0.01 ,	1461 ,	8.175
0.01 ,	1597 ,	6.411
0.01 ,	1916 ,	10.471
0.01 ,	1444 ,	6.795
0.01 ,	1672 ,	13.249
0.01 ,	1325 ,	10.857
0.01 ,	1531 ,	12.691
0.01 ,	1687 ,	13.607
0.01 ,	1728 ,	15.625
0.01 ,	1680 ,	10.825
0.01 ,	1691 ,	11.775
0.01 ,	1716 ,	10.935
0.01 ,	1694 ,	12.241
0.01 ,	1564 ,	7.264
0.01 ,	1714 ,	14.76
0.01 ,	1955 ,	13.271
0.01 ,	1678 ,	11.76
0.01 ,	1852 ,	12.453
0.01 ,	1694 ,	14.281
0.01 ,	1543 ,	7.535
0.01 ,	1739 ,	14.887
0.01 ,	1458 ,	12.332
0.01 ,	1660 ,	11.106
0.01 ,	1693 ,	11.795
0.01 ,	1709 ,	13.269
0.01 ,	1733 ,	11.524
0.01 ,	1619 ,	15.375
0.01 ,	1740 ,	13.352
0.01 ,	1601 ,	11.064
0.01 ,	1420 ,	8.239
0.01 ,	1667 ,	11.58
0.01 ,	1746 ,	14.017
0.01 ,	1715 ,	16.667
0.01 ,	1818 ,	12.221
0.01 ,	1658 ,	12.071
0.01 ,	1639 ,	13.193
0.01 ,	1511 ,	13.749
0.01 ,	1523 ,	8.535
0.01 ,	1403 ,	10.234
0.01 ,	1610 ,	11.08
0.01 ,	1511 ,	10.33
0.01 ,	1826 ,	12.259
0.01 ,	1717 ,	12.437
0.01 ,	1530 ,	9.933
0.01 ,	1566 ,	9.493
0.01 ,	1405 ,	12.195
0.01 ,	1790 ,	12.551
0.01 ,	1678 ,	11.333
0.01 ,	1655 ,	13.214
0.01 ,	1987 ,	12.895
0.01 ,	1703 ,	12.432
0.01 ,	1929 ,	13.271
0.01 ,	1576 ,	11.343
0.01 ,	1954 ,	14.122
0.01 ,	1833 ,	13.93
0.05 ,	364 ,	2.396
0.05 ,	306 ,	1.93
0.05 ,	425 ,	2.357
0.05 ,	365 ,	2.689
0.05 ,	290 ,	2.862
0.05 ,	317 ,	1.853
0.05 ,	358 ,	1.851
0.05 ,	238 ,	0.536
0.05 ,	286 ,	1.216
0.05 ,	323 ,	1.082
0.05 ,	287 ,	2.062
0.05 ,	307 ,	1.24
0.05 ,	262 ,	0.991
0.05 ,	311 ,	0.975
0.05 ,	276 ,	1.066
0.05 ,	295 ,	1.051
0.05 ,	348 ,	2.406
0.05 ,	287 ,	1.738
0.05 ,	302 ,	1.347
0.05 ,	269 ,	1.24
0.05 ,	230 ,	1.118
0.05 ,	325 ,	1.387
0.05 ,	320 ,	1.644
0.05 ,	311 ,	2.332
0.05 ,	341 ,	2.608
0.05 ,	299 ,	1.418
0.05 ,	345 ,	2.519
0.05 ,	279 ,	0.781
0.05 ,	372 ,	1.291
0.05 ,	313 ,	0.895
0.05 ,	257 ,	0.771
0.05 ,	345 ,	2.344
0.05 ,	322 ,	1.067
0.05 ,	297 ,	1.012
0.05 ,	238 ,	0.66
0.05 ,	279 ,	1.262
0.05 ,	246 ,	0.856
0.05 ,	302 ,	2.306
0.05 ,	301 ,	3.315
0.05 ,	237 ,	0.578
0.05 ,	348 ,	3.203
0.05 ,	350 ,	1.618
0.05 ,	262 ,	0.915
0.05 ,	323 ,	2.412
0.05 ,	263 ,	0.781
0.05 ,	383 ,	2.694
0.05 ,	317 ,	1.429
0.05 ,	311 ,	2.318
0.05 ,	272 ,	1.382
0.05 ,	264 ,	1.835
0.05 ,	315 ,	1.519
0.05 ,	329 ,	1.513
0.05 ,	277 ,	1.277
0.05 ,	323 ,	2.07
0.05 ,	291 ,	1.754
0.05 ,	259 ,	1.21
0.05 ,	284 ,	1.392
0.05 ,	241 ,	0.808
0.05 ,	269 ,	1.161
0.05 ,	369 ,	1.691
0.05 ,	276 ,	0.775
0.05 ,	301 ,	1.081
0.05 ,	344 ,	2.483
0.05 ,	324 ,	2.039
0.05 ,	298 ,	1.599
0.05 ,	324 ,	1.647
0.05 ,	243 ,	1.027
0.05 ,	293 ,	1.313
0.05 ,	295 ,	1.402
0.05 ,	341 ,	2.346
0.05 ,	316 ,	1.034
0.05 ,	266 ,	1.231
0.05 ,	270 ,	0.895
0.05 ,	319 ,	1.128
0.05 ,	238 ,	0.704
0.05 ,	269 ,	0.718
0.05 ,	278 ,	1.997
0.05 ,	267 ,	0.791
0.05 ,	334 ,	1.757
0.05 ,	401 ,	2.693
0.05 ,	377 ,	2.393
0.05 ,	371 ,	2.308
0.05 ,	288 ,	1.799
0.05 ,	309 ,	1.543
0.05 ,	369 ,	2.242
0.05 ,	288 ,	1.498
0.05 ,	306 ,	1.835
0.05 ,	255 ,	0.947
0.05 ,	305 ,	1.692
0.05 ,	280 ,	0.958
0.05 ,	286 ,	1.319
0.05 ,	346 ,	2.187
0.05 ,	336 ,	2.38
0.05 ,	258 ,	1.043
0.05 ,	328 ,	1.541
0.05 ,	271 ,	1.054
0.05 ,	270 ,	0.957
0.05 ,	255 ,	1.395
0.05 ,	346 ,	2.167
0.05 ,	344 ,	2.079
0.1 ,	154 ,	0.61
0.1 ,	131 ,	0.344
0.1 ,	120 ,	0.519
0.1 ,	132 ,	0.358
0.1 ,	150 ,	0.494
0.1 ,	144 ,	0.54
0.1 ,	148 ,	0.834
0.1 ,	183 ,	0.871
0.1 ,	129 ,	0.592
0.1 ,	125 ,	0.681
0.1 ,	144 ,	0.658
0.1 ,	158 ,	0.843
0.1 ,	176 ,	0.874
0.1 ,	117 ,	0.309
0.1 ,	145 ,	0.583
0.1 ,	146 ,	0.618
0.1 ,	149 ,	1.698
0.1 ,	156 ,	0.919
0.1 ,	162 ,	0.897
0.1 ,	161 ,	0.818
0.1 ,	182 ,	1.272
0.1 ,	148 ,	0.897
0.1 ,	163 ,	0.726
0.1 ,	136 ,	0.414
0.1 ,	132 ,	0.929
0.1 ,	133 ,	0.54
0.1 ,	131 ,	0.344
0.1 ,	119 ,	0.24
0.1 ,	144 ,	1.393
0.1 ,	158 ,	0.632
0.1 ,	156 ,	0.486
0.1 ,	128 ,	0.453
0.1 ,	162 ,	0.912
0.1 ,	149 ,	0.657
0.1 ,	159 ,	0.78
0.1 ,	123 ,	0.626
0.1 ,	141 ,	0.612
0.1 ,	132 ,	0.725
0.1 ,	204 ,	1.086
0.1 ,	228 ,	2.754
0.1 ,	156 ,	0.563
0.1 ,	130 ,	0.553
0.1 ,	121 ,	0.294
0.1 ,	129 ,	0.835
0.1 ,	152 ,	0.732
0.1 ,	152 ,	0.53
0.1 ,	118 ,	0.363
0.1 ,	176 ,	1.095
0.1 ,	130 ,	0.319
0.1 ,	166 ,	0.665
0.1 ,	130 ,	0.999
0.1 ,	126 ,	0.697
0.1 ,	136 ,	0.484
0.1 ,	118 ,	0.299
0.1 ,	165 ,	0.689
0.1 ,	155 ,	0.839
0.1 ,	122 ,	0.426
0.1 ,	133 ,	1.158
0.1 ,	142 ,	0.563
0.1 ,	132 ,	0.683
0.1 ,	177 ,	0.951
0.1 ,	220 ,	1.611
0.1 ,	118 ,	0.32
0.1 ,	194 ,	0.961
0.1 ,	122 ,	0.336
0.1 ,	159 ,	1.072
0.1 ,	163 ,	1.124
0.1 ,	139 ,	0.887
0.1 ,	120 ,	0.216
0.1 ,	121 ,	0.247
0.1 ,	119 ,	0.207
0.1 ,	160 ,	1.765
0.1 ,	133 ,	0.694
0.1 ,	158 ,	0.513
0.1 ,	150 ,	0.498
0.1 ,	133 ,	0.526
0.1 ,	169 ,	0.954
0.1 ,	170 ,	1.317
0.1 ,	150 ,	0.611
0.1 ,	123 ,	0.241
0.1 ,	144 ,	0.563
0.1 ,	147 ,	1.431
0.1 ,	141 ,	2.177
0.1 ,	189 ,	1.051
0.1 ,	130 ,	0.524
0.1 ,	131 ,	0.407
0.1 ,	150 ,	0.752
0.1 ,	139 ,	0.816
0.1 ,	123 ,	0.362
0.1 ,	208 ,	0.91
0.1 ,	126 ,	0.412
0.1 ,	144 ,	0.741
0.1 ,	161 ,	0.739
0.1 ,	127 ,	0.952
0.1 ,	138 ,	0.748
0.1 ,	137 ,	0.427
0.1 ,	155 ,	0.594
0.1 ,	156 ,	0.923
0.1 ,	130 ,	0.77
0.1 ,	142 ,	0.446
0.2 ,	79 ,	0.348
0.2 ,	67 ,	0.348
0.2 ,	68 ,	0.435
0.2 ,	76 ,	0.469
0.2 ,	54 ,	0.143
0.2 ,	66 ,	0.22
0.2 ,	80 ,	0.457
0.2 ,	70 ,	0.791
0.2 ,	59 ,	0.213
0.2 ,	73 ,	0.349
0.2 ,	64 ,	0.202
0.2 ,	66 ,	0.235
0.2 ,	64 ,	0.342
0.2 ,	62 ,	0.195
0.2 ,	63 ,	0.158
0.2 ,	70 ,	0.588
0.2 ,	62 ,	0.121
0.2 ,	72 ,	0.325
0.2 ,	63 ,	0.17
0.2 ,	59 ,	0.708
0.2 ,	60 ,	0.254
0.2 ,	67 ,	0.177
0.2 ,	63 ,	0.23
0.2 ,	63 ,	0.249
0.2 ,	61 ,	0.133
0.2 ,	78 ,	0.35
0.2 ,	67 ,	0.314
0.2 ,	54 ,	0.328
0.2 ,	70 ,	0.322
0.2 ,	55 ,	0.194
0.2 ,	62 ,	0.22
0.2 ,	61 ,	0.225
0.2 ,	75 ,	0.406
0.2 ,	60 ,	0.23
0.2 ,	61 ,	0.315
0.2 ,	59 ,	0.178
0.2 ,	89 ,	0.323
0.2 ,	79 ,	0.841
0.2 ,	67 ,	0.376
0.2 ,	62 ,	0.333
0.2 ,	81 ,	0.342
0.2 ,	85 ,	0.408
0.2 ,	75 ,	0.457
0.2 ,	66 ,	0.243
0.2 ,	68 ,	0.948
0.2 ,	73 ,	0.294
0.2 ,	74 ,	0.433
0.2 ,	61 ,	0.326
0.2 ,	67 ,	0.214
0.2 ,	63 ,	0.186
0.2 ,	102 ,	0.454
0.2 ,	90 ,	0.495
0.2 ,	63 ,	0.181
0.2 ,	65 ,	0.136
0.2 ,	65 ,	0.276
0.2 ,	60 ,	0.198
0.2 ,	67 ,	0.269
0.2 ,	55 ,	0.119
0.2 ,	65 ,	0.231
0.2 ,	64 ,	0.273
0.2 ,	57 ,	0.364
0.2 ,	72 ,	0.304
0.2 ,	88 ,	0.406
0.2 ,	66 ,	0.308
0.2 ,	70 ,	0.248
0.2 ,	91 ,	0.746
0.2 ,	70 ,	0.41
0.2 ,	66 ,	0.325
0.2 ,	62 ,	0.301
0.2 ,	62 ,	0.259
0.2 ,	77 ,	0.273
0.2 ,	73 ,	0.383
0.2 ,	65 ,	0.246
0.2 ,	75 ,	0.548
0.2 ,	68 ,	0.229
0.2 ,	54 ,	0.149
0.2 ,	74 ,	1.389
0.2 ,	81 ,	0.468
0.2 ,	62 ,	0.282
0.2 ,	66 ,	1.011
0.2 ,	90 ,	1.131
0.2 ,	52 ,	0.102
0.2 ,	54 ,	0.166
0.2 ,	61 ,	0.305
0.2 ,	69 ,	0.514
0.2 ,	75 ,	0.417
0.2 ,	70 ,	0.394
0.2 ,	78 ,	0.322
0.2 ,	66 ,	0.242
0.2 ,	81 ,	0.492
0.2 ,	62 ,	0.136
0.2 ,	76 ,	0.356
0.2 ,	78 ,	0.731
0.2 ,	56 ,	0.161
0.2 ,	82 ,	0.253
0.2 ,	65 ,	0.178
0.2 ,	56 ,	0.154
0.2 ,	85 ,	0.547
0.2 ,	72 ,	0.244
0.2 ,	56 ,	0.153
0.3 ,	43 ,	0.184
0.3 ,	40 ,	0.16
0.3 ,	41 ,	0.189
0.3 ,	47 ,	0.305
0.3 ,	37 ,	0.166
0.3 ,	40 ,	0.195
0.3 ,	41 ,	0.142
0.3 ,	60 ,	0.432
0.3 ,	58 ,	0.898
0.3 ,	45 ,	0.363
0.3 ,	45 ,	0.245
0.3 ,	47 ,	0.174
0.3 ,	36 ,	0.079
0.3 ,	45 ,	0.178
0.3 ,	52 ,	0.178
0.3 ,	49 ,	0.311
0.3 ,	43 ,	0.157
0.3 ,	50 ,	0.285
0.3 ,	65 ,	0.909
0.3 ,	46 ,	0.286
0.3 ,	43 ,	0.104
0.3 ,	44 ,	0.275
0.3 ,	51 ,	0.278
0.3 ,	45 ,	0.206
0.3 ,	50 ,	0.23
0.3 ,	42 ,	0.201
0.3 ,	56 ,	0.223
0.3 ,	62 ,	0.667
0.3 ,	50 ,	0.256
0.3 ,	48 ,	0.316
0.3 ,	43 ,	0.268
0.3 ,	38 ,	0.163
0.3 ,	44 ,	0.225
0.3 ,	40 ,	0.16
0.3 ,	47 ,	0.373
0.3 ,	41 ,	0.187
0.3 ,	49 ,	0.428
0.3 ,	52 ,	0.725
0.3 ,	40 ,	0.191
0.3 ,	41 ,	0.188
0.3 ,	55 ,	0.583
0.3 ,	47 ,	0.207
0.3 ,	41 ,	0.19
0.3 ,	45 ,	0.159
0.3 ,	39 ,	0.23
0.3 ,	45 ,	0.217
0.3 ,	44 ,	0.258
0.3 ,	46 ,	0.276
0.3 ,	48 ,	0.411
0.3 ,	43 ,	0.186
0.3 ,	39 ,	0.36
0.3 ,	51 ,	0.172
0.3 ,	49 ,	0.348
0.3 ,	41 ,	0.169
0.3 ,	42 ,	0.196
0.3 ,	72 ,	0.613
0.3 ,	59 ,	0.318
0.3 ,	58 ,	0.304
0.3 ,	45 ,	0.231
0.3 ,	54 ,	1.086
0.3 ,	38 ,	0.072
0.3 ,	52 ,	0.193
0.3 ,	65 ,	0.846
0.3 ,	60 ,	0.647
0.3 ,	42 ,	0.161
0.3 ,	48 ,	0.34
0.3 ,	42 ,	0.132
0.3 ,	51 ,	0.369
0.3 ,	41 ,	0.206
0.3 ,	44 ,	0.116
0.3 ,	49 ,	0.156
0.3 ,	42 ,	0.124
0.3 ,	39 ,	0.109
0.3 ,	46 ,	0.377
0.3 ,	55 ,	0.3
0.3 ,	56 ,	0.351
0.3 ,	45 ,	0.191
0.3 ,	40 ,	0.202
0.3 ,	48 ,	0.603
0.3 ,	42 ,	0.169
0.3 ,	47 ,	0.299
0.3 ,	55 ,	0.373
0.3 ,	41 ,	0.105
0.3 ,	53 ,	0.671
0.3 ,	55 ,	0.259
0.3 ,	42 ,	0.14
0.3 ,	51 ,	0.29
0.3 ,	38 ,	0.085
0.3 ,	47 ,	0.394
0.3 ,	45 ,	0.118
0.3 ,	45 ,	0.271
0.3 ,	43 ,	0.145
0.3 ,	52 ,	0.672
0.3 ,	42 ,	0.196
0.3 ,	44 ,	0.182
0.3 ,	44 ,	0.186
0.3 ,	46 ,	0.264
0.3 ,	53 ,	0.216
0.3 ,	41 ,	0.692
0.3 ,	39 ,	0.08
0.5 ,	26 ,	0.248
0.5 ,	29 ,	0.204
0.5 ,	30 ,	0.125
0.5 ,	35 ,	0.453
0.5 ,	32 ,	0.21
0.5 ,	34 ,	0.392
0.5 ,	28 ,	0.45
0.5 ,	29 ,	0.2
0.5 ,	47 ,	0.429
0.5 ,	25 ,	0.122
0.5 ,	34 ,	0.129
0.5 ,	28 ,	0.128
0.5 ,	34 ,	0.192
0.5 ,	34 ,	0.231
0.5 ,	33 ,	0.223
0.5 ,	31 ,	0.435
0.5 ,	31 ,	0.163
0.5 ,	27 ,	0.102
0.5 ,	25 ,	0.11
0.5 ,	29 ,	0.258
0.5 ,	31 ,	0.142
0.5 ,	26 ,	0.242
0.5 ,	24 ,	0.13
0.5 ,	28 ,	0.253
0.5 ,	34 ,	0.402
0.5 ,	27 ,	0.135
0.5 ,	23 ,	0.074
0.5 ,	27 ,	0.339
0.5 ,	26 ,	0.106
0.5 ,	23 ,	0.06
0.5 ,	29 ,	0.207
0.5 ,	31 ,	0.176
0.5 ,	25 ,	0.072
0.5 ,	28 ,	0.193
0.5 ,	39 ,	0.858
0.5 ,	25 ,	0.128
0.5 ,	34 ,	0.337
0.5 ,	26 ,	0.094
0.5 ,	31 ,	0.588
0.5 ,	24 ,	0.074
0.5 ,	29 ,	0.162
0.5 ,	25 ,	0.231
0.5 ,	23 ,	0.099
0.5 ,	27 ,	0.152
0.5 ,	34 ,	0.53
0.5 ,	23 ,	0.131
0.5 ,	38 ,	0.278
0.5 ,	28 ,	0.119
0.5 ,	34 ,	0.356
0.5 ,	31 ,	0.365
0.5 ,	31 ,	0.212
0.5 ,	25 ,	0.164
0.5 ,	35 ,	0.247
0.5 ,	24 ,	0.15
0.5 ,	40 ,	0.302
0.5 ,	25 ,	0.114
0.5 ,	25 ,	0.083
0.5 ,	34 ,	0.754
0.5 ,	29 ,	0.177
0.5 ,	28 ,	0.298
0.5 ,	25 ,	0.108
0.5 ,	24 ,	0.073
0.5 ,	25 ,	0.083
0.5 ,	25 ,	0.12
0.5 ,	38 ,	0.218
0.5 ,	31 ,	0.232
0.5 ,	25 ,	0.091
0.5 ,	25 ,	0.143
0.5 ,	33 ,	0.286
0.5 ,	32 ,	0.28
0.5 ,	36 ,	0.317
0.5 ,	28 ,	0.321
0.5 ,	26 ,	0.109
0.5 ,	39 ,	0.299
0.5 ,	37 ,	0.28
0.5 ,	32 ,	0.133
0.5 ,	30 ,	0.226
0.5 ,	30 ,	0.214
0.5 ,	24 ,	0.272
0.5 ,	39 ,	0.269
0.5 ,	24 ,	0.091
0.5 ,	28 ,	0.139
0.5 ,	30 ,	0.382
0.5 ,	42 ,	0.224
0.5 ,	25 ,	0.111
0.5 ,	25 ,	0.069
0.5 ,	25 ,	0.113
0.5 ,	30 ,	0.228
0.5 ,	24 ,	0.113
0.5 ,	33 ,	0.215
0.5 ,	26 ,	0.129
0.5 ,	27 ,	0.111
0.5 ,	26 ,	0.106
0.5 ,	28 ,	0.218
0.5 ,	30 ,	0.167
0.5 ,	29 ,	0.231
0.5 ,	32 ,	0.212
0.5 ,	35 ,	0.302
0.5 ,	23 ,	0.114
0.5 ,	25 ,	0.124
0.8 ,	15 ,	0.066
0.8 ,	17 ,	0.089
0.8 ,	21 ,	0.879
0.8 ,	16 ,	0.085
0.8 ,	24 ,	0.37
0.8 ,	17 ,	0.147
0.8 ,	22 ,	0.153
0.8 ,	21 ,	0.397
0.8 ,	20 ,	0.153
0.8 ,	16 ,	0.093
0.8 ,	19 ,	0.093
0.8 ,	20 ,	0.916
0.8 ,	17 ,	0.109
0.8 ,	18 ,	0.237
0.8 ,	26 ,	0.251
0.8 ,	19 ,	0.134
0.8 ,	20 ,	0.126
0.8 ,	15 ,	0.074
0.8 ,	16 ,	0.061
0.8 ,	19 ,	0.128
0.8 ,	18 ,	0.176
0.8 ,	18 ,	0.105
0.8 ,	21 ,	0.169
0.8 ,	20 ,	0.088
0.8 ,	18 ,	0.115
0.8 ,	18 ,	0.233
0.8 ,	16 ,	0.138
0.8 ,	16 ,	0.122
0.8 ,	16 ,	0.085
0.8 ,	22 ,	0.144
0.8 ,	15 ,	0.087
0.8 ,	19 ,	0.112
0.8 ,	17 ,	0.07
0.8 ,	33 ,	0.514
0.8 ,	23 ,	0.322
0.8 ,	18 ,	0.254
0.8 ,	19 ,	0.283
0.8 ,	20 ,	0.22
0.8 ,	18 ,	0.083
0.8 ,	17 ,	0.08
0.8 ,	18 ,	0.188
0.8 ,	22 ,	0.232
0.8 ,	21 ,	0.189
0.8 ,	25 ,	0.511
0.8 ,	17 ,	0.14
0.8 ,	22 ,	0.128
0.8 ,	16 ,	0.088
0.8 ,	23 ,	0.184
0.8 ,	15 ,	0.052
0.8 ,	17 ,	0.113
0.8 ,	20 ,	0.259
0.8 ,	15 ,	0.089
0.8 ,	26 ,	0.154
0.8 ,	19 ,	0.082
0.8 ,	26 ,	0.259
0.8 ,	15 ,	0.063
0.8 ,	16 ,	0.116
0.8 ,	21 ,	0.439
0.8 ,	20 ,	0.163
0.8 ,	21 ,	0.301
0.8 ,	18 ,	0.129
0.8 ,	19 ,	0.133
0.8 ,	16 ,	0.133
0.8 ,	16 ,	0.108
0.8 ,	18 ,	0.112
0.8 ,	17 ,	0.248
0.8 ,	16 ,	0.067
0.8 ,	18 ,	0.09
0.8 ,	20 ,	0.201
0.8 ,	19 ,	0.098
0.8 ,	20 ,	0.223
0.8 ,	14 ,	0.049
0.8 ,	20 ,	0.247
0.8 ,	19 ,	0.116
0.8 ,	19 ,	0.205
0.8 ,	17 ,	0.056
0.8 ,	17 ,	0.065
0.8 ,	25 ,	0.17
0.8 ,	16 ,	0.111
0.8 ,	16 ,	0.085
0.8 ,	15 ,	0.11
0.8 ,	20 ,	0.116
0.8 ,	19 ,	0.09
0.8 ,	19 ,	0.099
0.8 ,	17 ,	0.162
0.8 ,	18 ,	0.151
0.8 ,	19 ,	0.292
0.8 ,	16 ,	0.089
0.8 ,	22 ,	0.169
0.8 ,	16 ,	0.14
0.8 ,	21 ,	0.248
0.8 ,	20 ,	0.169
0.8 ,	16 ,	0.081
0.8 ,	14 ,	0.045
0.8 ,	16 ,	0.06
0.8 ,	18 ,	0.075
0.8 ,	20 ,	0.315
0.8 ,	19 ,	0.225
0.8 ,	14 ,	0.056
0.8 ,	21 ,	0.165
1 ,	25 ,	0.218
1 ,	16 ,	0.091
1 ,	14 ,	0.081
1 ,	15 ,	0.105
1 ,	20 ,	0.167
1 ,	16 ,	0.109
1 ,	17 ,	0.361
1 ,	15 ,	0.118
1 ,	13 ,	0.077
1 ,	16 ,	0.15
1 ,	17 ,	0.136
1 ,	15 ,	0.088
1 ,	17 ,	0.153
1 ,	20 ,	0.128
1 ,	14 ,	0.073
1 ,	17 ,	0.135
1 ,	16 ,	0.189
1 ,	11 ,	0.089
1 ,	14 ,	0.101
1 ,	13 ,	0.088
1 ,	15 ,	0.121
1 ,	17 ,	0.163
1 ,	13 ,	0.078
1 ,	17 ,	0.193
1 ,	16 ,	0.109
1 ,	13 ,	0.083
1 ,	15 ,	0.14
1 ,	15 ,	0.119
1 ,	13 ,	0.066
1 ,	13 ,	0.095
1 ,	17 ,	0.137
1 ,	14 ,	0.125
1 ,	16 ,	0.197
1 ,	16 ,	0.112
1 ,	18 ,	0.191
1 ,	19 ,	0.154
1 ,	12 ,	0.127
1 ,	13 ,	0.18
1 ,	19 ,	0.147
1 ,	16 ,	0.137
1 ,	15 ,	0.103
1 ,	15 ,	0.083
1 ,	14 ,	0.141
1 ,	13 ,	0.076
1 ,	22 ,	0.202
1 ,	16 ,	0.135
1 ,	11 ,	0.049
1 ,	12 ,	0.077
1 ,	15 ,	0.22
1 ,	19 ,	0.149
1 ,	15 ,	0.078
1 ,	17 ,	0.124
1 ,	15 ,	0.13
1 ,	17 ,	0.085
1 ,	14 ,	0.127
1 ,	13 ,	0.068
1 ,	15 ,	0.123
1 ,	17 ,	0.215
1 ,	15 ,	0.121
1 ,	14 ,	0.096
1 ,	19 ,	0.165
1 ,	14 ,	0.089
1 ,	12 ,	0.092
1 ,	12 ,	0.053
1 ,	15 ,	0.095
1 ,	16 ,	0.128
1 ,	17 ,	0.348
1 ,	15 ,	0.158
1 ,	18 ,	0.154
1 ,	16 ,	0.149
1 ,	12 ,	0.091
1 ,	18 ,	0.139
1 ,	13 ,	0.117
1 ,	16 ,	0.114
1 ,	17 ,	0.126
1 ,	15 ,	0.122
1 ,	15 ,	0.07
1 ,	19 ,	0.138
1 ,	16 ,	0.102
1 ,	15 ,	0.128
1 ,	18 ,	0.138
1 ,	16 ,	0.103
1 ,	11 ,	0.043
1 ,	15 ,	0.145
1 ,	14 ,	0.099
1 ,	15 ,	0.164
1 ,	13 ,	0.066
1 ,	17 ,	0.081
1 ,	13 ,	0.096
1 ,	14 ,	0.122
1 ,	13 ,	0.079
1 ,	14 ,	0.14
1 ,	16 ,	0.194
1 ,	13 ,	0.081
1 ,	15 ,	0.234
1 ,	27 ,	0.251
1 ,	18 ,	0.237
1 ,	13 ,	0.075
1 ,	21 ,	0.236
1 ,	15 ,	0.105
